4
4.626820 3.650349 4.479843 3.873074
3.650349 4.613605 4.027009 3.649556
4.479843 4.027009 4.445296 4.317118
3.873074 3.649556 4.317118 4.081149
4
6.766381 0.000000 0.000000 0.000000
0.000000 6.931242 0.000000 0.000000
0.000000 0.000000 6.036348 0.000000
0.000000 0.000000 0.000000 6.638173
4
0.000000 8.432234 8.698263 8.115055
8.432234 0.000000 8.241066 8.170873
8.698263 8.241066 0.000000 8.646779
8.115055 8.170873 8.646779 0.000000