4
4.801874 3.420240 3.113163 3.933744
3.420240 4.396374 4.198218 3.200995
3.113163 4.198218 4.517014 3.513627
3.933744 3.200995 3.513627 4.315104
4
6.070254 0.000000 0.000000 0.000000
0.000000 6.225318 0.000000 0.000000
0.000000 0.000000 6.367351 0.000000
0.000000 0.000000 0.000000 6.013550
4
0.000000 8.675832 8.932829 8.791284
8.675832 0.000000 8.745323 8.542436
8.932829 8.745323 0.000000 8.930540
8.791284 8.542436 8.930540 0.000000