5
4.311014 3.195379 4.605090 4.083834 3.234138
3.195379 4.446791 3.973663 3.389416 3.680624
4.605090 3.973663 4.335459 4.670217 3.077273
4.083834 3.389416 4.670217 4.347423 3.164129
3.234138 3.680624 3.077273 3.164129 4.136906
5
6.971038 0.000000 0.000000 0.000000 0.000000
0.000000 6.648091 0.000000 0.000000 0.000000
0.000000 0.000000 6.052767 0.000000 0.000000
0.000000 0.000000 0.000000 6.108798 0.000000
0.000000 0.000000 0.000000 0.000000 6.897519
5
0.000000 8.859767 8.891629 8.828883 8.052980
8.859767 0.000000 8.370098 8.658834 8.946959
8.891629 8.370098 0.000000 8.496323 8.477615
8.828883 8.658834 8.496323 0.000000 8.533647
8.052980 8.946959 8.477615 8.533647 0.000000