5
4.940428 3.380627 3.402722 3.915494 4.209571
3.380627 4.561144 4.123203 3.531327 4.190527
3.402722 4.123203 4.106632 3.190191 4.986145
3.915494 3.531327 3.190191 4.915586 3.358654
4.209571 4.190527 4.986145 3.358654 4.152928
5
6.860805 0.000000 0.000000 0.000000 0.000000
0.000000 6.581164 0.000000 0.000000 0.000000
0.000000 0.000000 6.198309 0.000000 0.000000
0.000000 0.000000 0.000000 6.581988 0.000000
0.000000 0.000000 0.000000 0.000000 6.516251
5
0.000000 8.586077 8.873318 8.677236 8.301309
8.586077 0.000000 8.723411 8.868526 8.815851
8.873318 8.723411 0.000000 8.475784 8.540483
8.677236 8.868526 8.475784 0.000000 8.061892
8.301309 8.815851 8.540483 8.061892 0.000000